0,264,16428,48,-102,97,-11,0,0,0,0,16,5
1,168,16400,148,-111,91,-15,0,4,0,0,16,5
2,312,16392,92,-97,114,-49,0,14,0,0,16,5
3,216,16440,-116,-100,101,-55,1,22,0,0,16,5
4,32,16428,-44,-83,89,-46,2,32,0,0,16,5
5,148,16336,120,-62,158,-57,1,41,0,0,16,5
6,660,16440,196,-24,557,-42,4,49,0,0,16,5
7,360,16492,44,-51,1078,-96,4,59,0,0,16,5
8,368,16424,-68,-22,1298,-78,9,69,0,0,16,5
9,352,16484,36,-16,1536,-60,8,76,0,0,16,5
10,820,16428,-136,-414,17850,-295,6,18,0,0,16,5
11,1092,16544,-504,-451,18967,-303,5,15,0,0,16,5
12,560,16448,-460,-368,17738,-221,4,14,0,0,16,5
13,452,16416,-520,-350,14455,-149,7,15,0,0,16,5
14,468,16480,-508,-317,11164,-225,8,14,0,0,16,5
15,128,16128,524,-286,9846,-56,8,13,0,0,16,5
16,912,16648,72,-279,9675,-154,6,12,347,1,16,5
17,592,16252,388,-283,11020,-126,0,12,357,3,16,5
18,792,16444,440,-268,12174,-194,0,9,410,0,16,5
19,592,16316,152,-290,13385,-174,0,13,0,0,16,5
20,472,16516,60,-235,13269,-233,0,12,0,0,16,5
21,-4,16316,-404,-265,10409,-115,0,15,0,0,16,5
22,412,16508,308,-237,8881,-220,0,22,0,0,16,5
23,-204,16300,-416,-248,7222,-115,0,27,0,0,16,5
24,428,16456,408,-200,7241,-171,0,26,0,0,16,5
25,-200,16484,144,-239,6424,-79,0,18,0,0,16,5
26,300,16520,-28,-208,4686,-189,0,15,0,0,16,5
27,-108,16496,-28,-175,2720,-114,0,15,0,0,16,5
28,-148,16444,220,-152,826,-105,0,17,0,1,16,5
29,408,16584,284,-145,-701,-104,0,19,0,0,16,5
30,284,16412,356,-115,-846,-111,0,18,0,0,16,5
31,360,16424,672,-162,-273,-69,0,19,0,0,16,5
32,396,16500,412,-153,387,-105,0,21,0,0,16,5
33,220,16344,332,-122,382,-125,0,21,0,1,16,5
34,64,16424,116,-132,-151,-77,0,25,0,0,16,5
35,172,16584,340,-80,-945,-108,0,24,0,0,16,5
36,-92,16368,-296,-77,-3022,-99,0,26,0,0,16,5
37,-592,16380,-400,-38,-7091,-24,0,28,0,0,16,5
38,-372,16540,-880,1,-13182,-57,0,32,0,0,16,5
39,56,16284,-652,49,-18192,-16,0,39,0,1,16,5
40,832,16552,-64,84,-20540,61,0,49,0,0,16,5
41,1220,16472,276,33,-20015,66,0,46,0,0,16,5
42,952,16428,236,88,-18192,63,0,32,0,0,16,5
43,816,16428,-16,116,-16819,-4,0,21,0,0,16,5
44,848,16540,-144,57,-16216,30,0,14,0,0,16,5
45,824,16412,32,41,-15924,21,0,14,0,0,16,5
46,420,16336,-176,91,-15531,137,0,14,0,0,16,5
47,940,16548,-4,84,-14649,27,0,16,0,0,16,5
48,732,16468,-216,67,-13595,11,0,19,0,0,16,5
49,468,16520,244,55,-12356,-83,0,21,0,0,16,5
50,424,16480,-416,-5,-12022,-157,0,22,0,0,16,5
51,540,16388,-376,71,-12010,-30,0,24,0,0,16,5
52,376,16468,-200,9,-12388,-81,0,26,0,0,16,5
53,352,16396,372,0,-11460,-83,0,27,0,0,16,5
54,580,16440,376,3,-9778,-79,0,24,0,0,16,5
55,544,16392,328,-94,-7837,-130,0,21,0,0,16,5
56,1080,15960,2344,-453,-1080,-247,0,16,0,0,16,5
57,-916,16072,-628,27,-1307,2,0,18,0,0,16,5
58,1384,17740,-1920,-540,-969,-186,0,6,0,0,16,5
59,700,16024,1512,-204,91,-116,0,0,0,0,16,5
60,-204,16740,-964,-86,-14,-124,0,0,0,0,16,5
61,588,16524,-380,-170,107,-160,0,0,0,0,16,5
62,-56,16124,344,-247,72,-217,0,0,0,0,16,5
63,0,16372,104,-84,12,-99,0,0,0,0,16,5
64,320,16628,-248,-154,48,-108,0,0,0,0,16,5
65,44,16444,12,-179,80,-117,0,0,0,0,16,5
66,280,16352,56,-107,35,-103,0,0,0,0,16,5
67,220,16528,-184,-131,32,-78,0,0,0,0,16,5
68,-60,16472,80,-157,49,-110,0,0,0,0,16,5
69,132,16440,-44,-121,12,-112,0,0,0,0,16,5
70,128,16484,-264,-132,25,-112,0,0,0,0,16,5
71,176,16360,-88,-139,35,-103,0,0,0,0,16,5
72,228,16496,-28,-114,27,-108,0,0,0,0,16,5
73,112,16508,-28,-136,40,-104,0,0,0,0,16,5
74,140,16428,8,-132,37,-98,0,0,0,0,16,5
75,192,16388,-68,-131,29,-100,0,0,0,0,16,5
76,252,16584,-80,-142,32,-112,0,0,0,0,16,5
39.42, 14.07, 100.00,16,5
0,788,16492,44,-124,151,-102,0,0,0,0,16,5
1,748,16160,392,-91,933,-50,0,0,142,0,16,5
2,796,16468,804,23,1976,32,0,0,206,0,16,5
3,604,16356,1044,214,3091,92,8,3,236,0,16,5
4,280,16372,340,433,3865,159,10,13,259,29,16,5
5,224,16468,212,405,4240,144,14,15,277,42,16,5
6,252,16468,280,356,4530,134,14,21,281,38,16,5
7,524,16572,760,250,5202,112,15,24,264,42,16,5
8,548,16568,428,188,6152,63,19,32,243,42,16,5
9,572,16472,272,-5,6982,-8,19,39,240,44,16,5
10,676,16364,-256,-414,17780,-199,19,22,530,0,16,5
11,916,16588,-528,-339,18896,-247,14,16,510,8,16,5
12,416,16540,252,-344,15283,-223,0,20,0,0,16,5
13,252,16456,-492,-277,12511,-296,0,21,0,7,16,5
14,616,16544,140,-258,10575,-164,0,25,0,0,16,5
15,184,16192,80,-222,11984,-201,0,19,0,28,16,5
16,924,16512,684,-314,13588,-114,0,20,0,0,16,5
17,480,16712,888,-348,14718,-235,0,17,0,0,16,5
18,-36,16416,-276,-301,13041,-147,0,21,0,0,16,5
19,4,16348,-112,-230,10598,-221,0,24,0,0,16,5
20,-128,16528,-348,-282,6865,-135,0,27,0,0,16,5
21,-148,16380,-140,-149,4107,-96,0,26,0,0,16,5
22,192,16444,180,-185,1849,-133,1,28,1,1,16,5
23,52,16412,188,-106,729,-101,0,28,0,0,16,5
24,340,16424,276,-167,-340,-65,0,30,0,0,16,5
25,252,16464,540,-130,-67,-106,0,31,0,0,16,5
26,168,16568,412,-173,47,-109,1,31,2,1,16,5
27,164,16408,432,-128,-31,-114,0,29,0,0,16,5
28,196,16536,260,-128,-988,-87,0,31,0,0,16,5
29,-228,16376,32,-83,-2456,-106,0,32,0,0,16,5
30,-188,16532,-112,-75,-5216,-70,0,33,0,0,16,5
31,-492,16344,-328,-13,-9157,-76,0,39,0,0,16,5
32,-312,16456,-780,45,-14733,-54,0,40,0,0,16,5
33,-132,16224,-892,112,-20652,46,0,36,591,0,16,5
34,712,16340,-928,172,-26338,63,0,40,588,0,16,5
35,1108,16540,-1108,200,-30014,145,0,46,577,0,16,5
36,1836,16360,-328,269,-31315,136,0,45,0,0,16,5
37,2168,16748,-1048,279,-29691,186,0,39,0,0,16,5
38,1752,16376,-160,231,-25966,77,0,39,0,0,16,5
39,1796,16468,368,135,-21263,-126,0,46,0,0,16,5
40,892,16320,600,69,-16167,-76,0,48,0,0,16,5
41,748,16528,716,-6,-11855,-127,0,43,0,0,16,5
42,424,16568,-56,-65,-9957,-84,0,39,0,0,16,5
43,192,16456,-100,-89,-8918,-162,0,35,0,0,16,5
44,204,16404,-32,16,-9039,-87,0,35,0,0,16,5
45,-5680,27524,6644,-165,970,-1329,0,22,0,0,16,5
46,-100,16380,644,-45,-225,-2,0,22,0,0,16,5
47,920,16884,-992,82,98,-78,0,17,0,0,16,5
48,560,16704,-836,-329,77,-136,0,0,0,0,16,5
49,-140,16060,1052,-187,94,-202,0,0,0,0,16,5
50,352,16472,-340,-12,4,-41,0,0,0,0,16,5
51,156,16568,-268,-232,43,-148,0,0,0,0,16,5
52,-344,16236,732,-161,69,-120,0,0,0,0,16,5
53,232,16500,-256,-68,23,-107,0,0,0,0,16,5
54,180,16608,-340,-174,31,-113,0,0,0,0,16,5
55,-88,16348,320,-148,29,-126,0,0,0,0,16,5
56,364,16528,-172,-111,66,-115,0,0,0,0,16,5
57,328,16484,0,-152,34,-139,0,0,0,0,16,5
58,124,16336,216,-156,37,-85,0,0,0,0,16,5
59,116,16360,112,-117,49,-123,0,0,0,0,16,5
60,324,16584,-180,-129,54,-108,0,0,0,0,16,5
